0
853
0
197
1
212
1
93
2
280
2
223
3
217
3
39
4
227
4
383
5
923
5
155
6
881
6
948
7
288
7
885
8
352
8
613
9
299
9
22
10
179
10
253
11
688
11
355
12
667
12
158
13
286
13
526
14
466
14
522
15
129
15
946
16
640
16
874
17
820
17
598
18
891
18
815
19
897
19
873
20
472
20
660
21
43
21
781
22
736
23
376
23
807
24
586
24
278
25
869
25
414
26
528
26
581
27
965
27
406
28
875
28
85
29
650
29
437
30
58
30
822
31
956
31
765
32
604
32
279
33
497
33
285
34
397
34
782
35
896
35
978
36
546
36
511
37
744
37
710
38
570
38
167
39
281
40
792
40
403
41
165
41
478
42
270
42
151
43
272
44
240
44
582
45
460
45
63
46
114
46
827
47
995
47
190
48
409
48
479
49
216
49
527
50
755
50
195
51
317
51
790
52
450
52
943
53
916
53
108
54
353
54
254
55
867
55
469
56
76
56
550
57
856
57
481
58
281
59
531
59
955
60
185
60
707
61
131
61
854
62
139
62
846
63
373
64
275
64
886
65
705
65
750
66
667
66
903
67
533
67
254
68
564
68
789
69
990
69
926
70
715
70
301
71
744
71
367
72
659
72
374
73
84
73
503
74
237
74
966
75
953
75
426
76
706
77
618
77
811
78
868
78
732
79
89
79
725
80
914
80
876
81
302
81
990
82
921
82
861
83
722
83
86
84
701
85
935
86
110
87
675
87
535
88
627
88
919
89
381
90
483
90
444
91
154
91
933
92
673
92
210
93
513
94
233
94
859
95
452
95
623
96
753
96
537
97
576
97
561
98
477
98
630
99
989
99
861
100
632
100
619
101
674
101
762
102
641
102
850
103
894
103
542
104
968
104
683
105
787
105
908
106
416
106
370
107
441
107
399
108
355
109
443
109
557
110
117
111
248
111
893
112
644
112
773
113
608
113
533
114
400
115
505
115
188
116
812
116
788
117
308
118
825
118
571
119
557
119
542
120
203
120
461
121
476
121
255
122
140
122
412
123
680
123
881
124
709
124
879
125
296
125
834
126
137
126
924
127
648
127
853
128
617
128
391
129
238
130
993
130
695
131
983
132
323
132
669
133
436
133
430
134
769
134
178
135
813
135
878
136
206
136
231
137
525
138
170
138
675
139
507
140
824
141
986
141
975
142
592
142
363
143
531
143
862
144
681
144
398
145
764
145
492
146
932
146
966
147
452
147
934
148
314
148
564
149
777
149
997
150
865
150
950
151
494
152
282
152
380
153
603
153
468
154
831
155
305
156
283
156
229
157
312
157
423
158
435
159
864
159
474
160
717
160
517
161
221
161
687
162
941
162
878
163
547
163
678
164
211
164
655
165
332
166
768
166
716
167
964
168
664
168
340
169
514
169
975
170
296
171
754
171
439
172
938
172
429
173
852
173
405
174
322
174
223
175
298
175
183
176
933
176
750
177
989
177
614
178
649
179
245
180
304
180
579
181
522
181
415
182
396
182
214
183
390
184
889
184
374
185
766
186
576
186
917
187
858
187
221
188
609
189
915
189
516
190
395
191
704
191
473
192
354
192
518
193
641
193
602
194
826
194
547
195
411
196
538
196
716
198
336
198
488
199
356
199
484
200
390
200
559
201
569
201
789
202
635
202
996
203
696
204
289
204
494
205
974
205
262
206
724
207
690
207
711
208
652
208
735
209
962
209
876
210
348
211
960
212
541
213
549
213
279
214
855
215
643
215
663
216
920
217
316
218
584
218
805
219
498
219
638
220
345
220
315
222
849
222
905
224
694
224
759
225
612
225
814
226
571
226
684
227
347
228
537
228
698
229
566
230
867
230
942
231
673
232
625
232
659
233
628
234
746
234
526
235
970
235
316
236
864
236
973
237
633
238
749
239
843
239
949
240
969
241
953
241
700
242
560
242
375
243
652
243
245
244
674
244
342
246
369
246
781
247
553
247
988
248
472
249
721
249
767
250
973
250
446
251
514
251
311
252
954
252
419
253
470
255
456
256
904
256
962
257
688
257
371
258
996
258
348
259
640
259
719
260
489
260
804
261
608
261
490
262
952
263
613
263
765
264
752
264
325
265
600
265
197
266
637
266
551
267
485
267
957
268
700
268
405
269
384
269
847
270
871
271
465
271
297
272
896
273
338
273
499
274
449
274
297
275
328
276
442
276
491
277
645
277
838
278
900
280
870
282
756
283
309
284
888
284
830
285
812
286
577
287
289
287
677
288
381
290
476
290
686
291
645
291
599
292
906
292
419
293
442
293
726
294
457
294
539
295
654
295
543
298
800
299
751
300
386
300
847
301
694
302
478
303
654
303
999
304
343
305
901
306
841
306
795
307
392
307
462
308
630
309
392
310
722
310
991
311
925
312
562
313
434
313
957
314
719
315
913
317
916
318
341
318
535
319
776
319
939
320
771
320
710
321
713
321
820
322
436
323
461
324
616
324
331
325
964
326
689
326
813
327
684
327
335
328
585
329
637
329
677
330
626
330
548
331
343
332
466
333
851
333
764
334
798
334
510
335
552
336
944
337
446
337
606
338
984
339
912
339
520
340
930
341
399
342
433
344
532
344
397
345
629
346
793
346
844
347
622
349
627
349
947
350
897
350
539
351
651
351
860
352
493
353
432
354
387
356
581
357
507
357
429
358
363
358
999
359
435
359
676
360
660
360
727
361
569
361
748
362
503
362
631
364
712
364
714
365
425
365
579
366
512
366
828
367
892
368
632
368
607
369
759
370
728
371
558
372
890
372
511
373
410
375
960
376
387
377
972
377
884
378
600
378
398
379
900
379
879
380
787
382
529
382
682
383
556
384
615
385
625
385
934
386
924
388
873
388
474
389
730
389
855
391
833
393
430
393
958
394
738
394
421
395
839
396
833
400
676
401
980
401
580
402
504
402
728
403
910
404
842
404
723
406
702
407
699
407
814
408
577
408
775
409
944
410
618
411
551
412
733
413
961
413
599
414
886
415
720
416
762
417
907
417
804
418
523
418
869
420
779
420
631
421
810
422
842
422
959
423
929
424
459
424
582
425
574
426
741
427
665
427
510
428
448
428
555
431
981
431
743
432
698
433
595
434
834
437
823
438
658
438
805
439
885
440
739
440
997
441
782
443
806
444
866
445
500
445
678
447
859
447
596
448
780
449
475
450
534
451
761
451
827
453
553
453
862
454
488
454
689
455
945
455
909
456
490
457
792
458
784
458
803
459
848
460
616
462
810
463
902
463
758
464
939
464
988
465
870
467
468
467
982
469
545
470
536
471
888
471
931
473
549
475
830
477
591
479
796
480
938
480
829
481
634
482
920
482
662
483
561
484
501
485
693
486
649
486
589
487
940
487
629
489
639
491
969
492
506
493
540
495
594
495
666
496
965
496
831
497
669
498
555
499
682
500
784
501
697
502
642
502
850
504
928
505
622
506
567
508
976
508
785
509
602
509
773
512
860
513
863
515
578
515
686
516
566
517
718
518
937
519
921
519
685
520
544
521
801
521
732
523
783
524
824
524
617
525
771
527
591
528
705
529
880
530
977
530
913
532
848
534
883
536
620
538
836
540
998
541
841
543
980
544
546
545
679
548
610
550
835
552
823
554
624
554
791
556
797
558
802
559
954
560
986
562
927
563
922
563
995
565
770
565
852
567
777
568
668
568
837
570
615
572
987
572
772
573
826
573
619
574
628
575
979
575
756
578
590
580
638
583
736
583
786
584
755
585
905
586
594
587
809
587
661
588
656
588
735
589
911
590
915
592
739
593
918
593
799
595
825
596
623
597
875
597
679
598
712
601
793
601
806
603
951
604
951
605
657
605
699
606
857
607
766
609
767
610
726
611
713
611
978
612
672
614
909
620
808
621
709
621
982
624
731
626
655
633
747
634
998
635
882
636
819
636
838
639
740
642
887
643
680
644
751
646
658
646
971
647
889
647
723
648
807
650
691
651
696
653
664
653
693
656
903
657
692
661
899
662
895
663
883
665
919
666
945
668
681
670
937
670
956
671
672
671
865
683
738
685
936
687
800
690
703
691
752
692
754
695
776
697
928
701
922
702
871
703
843
704
811
706
799
707
758
708
948
708
868
711
844
714
796
715
801
717
893
718
985
720
816
721
901
724
877
725
968
727
947
729
788
729
918
730
932
731
994
733
976
734
794
734
955
737
857
737
882
740
774
741
840
742
930
742
749
743
745
745
832
746
753
747
832
748
914
757
874
757
963
760
936
760
943
761
972
763
912
763
935
768
858
769
816
770
836
772
906
774
993
775
927
778
931
778
987
779
950
780
992
783
846
785
798
786
835
790
815
791
923
794
961
795
822
797
849
802
910
803
992
808
917
809
963
817
872
817
837
818
892
818
949
819
994
821
942
821
958
828
983
829
880
839
899
840
895
845
877
845
974
851
911
854
981
856
908
863
884
866
929
872
887
890
967
891
946
894
959
898
904
898
925
902
940
907
971
926
984
941
991
952
967
970
985
977
979
