3
17
17
9
5
2
2
5
3
3
2
2
12
20
17
12
6
2
4
10
2
5
4
2
2
3
2
4
11
14
10
2
9
3
7
5
2
6
3
5
4
2
17
16
15
2
2
3
4
3
3
2
3
2
2
11
18
22
7
6
2
4
13
2
7
4
2
4
3
3
3
3
12
11
13
10
7
4
6
5
2
2
2
19
8
9
3
5
3
6
18
15
12
5
7
2
2
2
2
3
4
9
25
15
6
8
2
11
2
3
2
2
3
6
24
15
9
2
2
6
9
16
3
4
3
4
9
18
19
4
5
3
12
2
2
4
2
2
19
13
4
8
2
7
3
5
2
4
2
7
17
15
11
4
14
5
2
2
11
22
11
3
3
5
2
7
2
3
2
2
2
27
13
8
2
9
2
2
7
15
14
17
6
2
3
5
3
5
2
4
2
2
8
16
15
6
4
3
9
2
3
3
2
2
3
2
3
9
15
9
2
8
4
7
5
2
6
3
5
3
24
13
14
2
4
5
3
5
8
18
12
10
6
6
3
4
6
23
14
6
9
2
10
2
2
3
4
11
12
2
3
4
8
5
3
2
5
21
4
7
2
5
9
2
7
11
11
4
5
2
11
2
2
6
12
16
2
3
6
2
3
6
2
18
16
5
8
3
2
8
4
3
2
2
6
12
9
8
4
2
8
2
5
14
10
13
5
3
3
2
2
5
2
2
8
17
15
6
3
2
5
2
8
2
2
2
3
2
3
11
12
7
2
5
2
9
3
2
6
4
4
2
3
3
21
14
13
2
5
5
5
3
3
5
18
11
14
4
5
2
2
5
3
6
14
15
6
3
7
9
2
2
4
19
10
5
2
4
4
8
3
2
2
2
3
5
15
10
5
3
4
13
3
2
3
4
19
6
5
3
3
4
10
11
11
2
4
3
6
2
3
2
2
9
15
3
3
9
2
3
4
2
13
13
4
7
3
5
3
2
2
8
17
12
8
5
5
8
3
2
3
2
3
2
2
10
12
8
2
5
3
9
5
2
8
5
5
3
2
15
12
9
5
3
4
2
3
16
9
10
4
7
14
14
12
5
7
4
2
4
4
13
7
4
2
9
2
8
2
3
8
19
12
6
2
2
3
4
6
2
2
3
17
16
7
2
4
3
13
3
2
6
23
12
6
4
6
9
2
2
3
11
13
18
5
5
3
9
3
7
2
3
17
10
6
8
2
7
4
5
2
2
6
16
15
5
2
10
17
12
4
3
4
7
2
2
2
2
3
8
8
11
2
9
6
2
2
2
3
3
3
7
9
7
4
5
3
2
2
2
3
3
17
9
7
7
3
4
3
3
16
11
11
3
5
5
14
6
8
4
7
3
3
4
7
8
14
8
2
3
7
2
12
3
7
8
7
2
2
2
5
16
11
4
4
3
2
2
3
2
10
13
5
2
3
2
10
3
5
18
5
5
2
2
3
5
9
3
6
14
12
3
4
3
2
8
2
2
7
12
14
7
5
2
4
6
3
2
2
2
2
2
2
7
9
5
2
2
8
6
2
3
2
3
4
9
8
7
11
3
3
5
2
2
2
2
15
9
8
2
5
4
3
12
6
9
2
2
5
5
17
6
12
4
6
2
2
2
4
8
13
9
8
2
3
2
8
2
5
14
14
8
6
6
2
2
2
3
14
13
2
3
2
2
4
7
2
2
4
2
6
18
10
6
4
6
12
2
3
21
11
5
3
2
8
2
11
10
11
2
3
2
7
2
2
6
15
16
5
4
3
8
2
4
3
2
2
3
2
2
10
10
10
2
2
4
7
3
2
6
4
5
3
4
8
12
10
9
4
3
3
3
2
23
11
13
2
5
4
8
18
14
8
6
6
3
2
2
4
8
14
10
10
2
6
7
4
13
8
5
4
3
7
2
2
2
3
9
7
2
3
2
2
7
2
3
3
16
6
5
3
4
7
10
2
3
2
20
10
5
4
3
8
2
11
12
19
4
3
2
7
2
2
3
11
13
4
8
2
2
7
4
5
4
2
5
11
10
10
2
2
12
2
3
2
2
10
20
8
3
3
3
5
2
28
15
7
6
8
3
2
2
39
107
99
53
16
2
30
22
4
60
7
10
19
4
16
2
6
8
6
21
3
4
2
7
4
6
2
4
4
3
4
5
23
15
5
4
3
3
12
6
3
3
7
17
8
2
3
3
12
2
5
15
13
5
5
3
9
2
13
19
2
4
8
2
6
3
5
6
5
3
2
3
2
2
3
12
9
8
5
4
4
5
3
5
15
6
6
2
3
3
6
9
2
2
4
12
14
9
2
3
5
10
2
9
3
3
2
3
2
7
15
20
5
3
3
6
5
3
2
3
2
2
11
8
7
2
2
8
2
5
2
4
3
3
13
14
10
10
5
3
4
4
2
19
8
11
3
2
4
3
5
7
15
10
10
5
7
2
3
6
13
11
5
2
8
2
9
2
3
2
5
14
7
4
3
5
6
2
3
3
12
11
4
4
2
9
2
3
6
23
8
6
2
5
9
2
10
15
20
7
2
8
3
11
3
2
3
2
6
17
15
8
3
6
2
9
4
5
5
2
2
13
10
5
2
4
2
2
8
2
2
2
4
12
15
6
3
4
8
8
3
2
2
3
6
10
12
12
3
5
3
2
6
4
2
2
2
2
17
13
11
8
3
5
2
3
2
21
9
12
3
2
2
5
3
2
5
11
19
15
9
6
8
7
2
2
4
3
14
8
3
9
7
3
3
2
5
16
14
10
3
3
4
8
2
2
3
3
2
12
8
5
2
2
11
2
4
19
8
6
3
6
5
2
2
10
14
17
3
4
4
10
2
2
3
2
5
14
18
4
8
8
5
5
4
2
