2
3
2
3
2
4
5
6
4
2
2
2
2
4
2
6
3
3
10
2
8
2
2
6
2
2
3
14
2
3
10
2
10
3
2
3
2
11
4
2
3
10
6
5
4
3
2
2
3
10
2
2
2
2
6
3
31
7
2
4
2
13
2
2
5
3
8
5
15
2
3
2
5
2
19
2
2
7
8
2
3
19
2
8
2
10
2
2
4
20
3
7
3
5
4
2
2
17
3
8
7
2
22
4
5
4
24
4
2
2
6
2
11
2
2
6
12
3
4
8
2
2
12
2
2
8
2
19
2
3
3
2
3
3
7
2
24
2
4
3
5
2
2
24
5
2
5
2
22
3
5
2
9
3
2
16
4
5
3
9
3
26
5
5
2
5
2
18
7
2
3
12
4
3
18
2
3
2
6
3
22
8
5
3
13
5
19
3
3
6
3
4
24
5
14
6
2
20
2
3
2
4
5
11
5
4
2
31
4
4
5
4
2
12
3
2
26
2
2
8
6
5
3
12
4
2
2
39
2
2
4
3
5
2
18
6
2
41
9
7
2
2
11
5
3
2
20
2
5
3
3
4
17
2
4
4
37
2
2
6
2
3
10
2
7
46
4
6
5
3
4
15
2
3
3
2
49
3
3
8
5
2
2
9
2
35
2
5
4
3
2
16
3
2
40
3
3
2
2
20
3
3
2
34
2
3
10
4
5
13
3
5
2
37
4
12
6
6
10
28
6
6
2
3
63
4
3
10
8
5
2
23
7
5
3
3
61
3
6
8
4
3
25
4
4
3
2
55
2
2
5
8
12
3
3
14
3
5
2
61
5
11
3
5
3
20
2
5
7
2
69
2
3
9
3
5
6
23
6
5
4
52
5
8
11
3
23
4
5
73
4
7
13
7
4
6
17
6
2
2
3
48
3
11
10
2
4
13
4
3
55
2
2
17
10
5
4
28
4
5
2
36
2
9
2
5
5
13
8
2
2
48
3
3
8
4
3
6
16
5
6
3
50
2
7
8
3
2
5
29
8
6
2
3
62
3
2
13
3
6
8
20
5
4
2
50
3
3
8
10
8
2
17
4
4
2
59
4
9
7
4
2
12
4
4
2
47
3
10
3
5
17
11
2
47
4
13
3
3
2
23
3
5
3
54
4
9
6
4
18
3
6
2
2
54
4
5
16
5
2
5
25
8
4
2
53
5
9
10
22
6
3
3
3
56
2
7
9
6
5
6
22
4
3
3
2
37
2
7
9
2
13
5
3
46
3
6
7
3
6
18
2
7
53
4
5
6
6
3
28
5
7
3
60
4
4
10
11
3
3
16
4
3
38
2
9
10
5
5
15
6
2
2
2
51
3
2
3
6
5
4
8
27
5
4
3
52
3
2
12
3
3
4
20
3
5
2
46
2
8
7
2
15
5
3
39
2
7
5
5
9
18
3
3
3
4
56
2
10
4
3
2
11
8
3
52
3
4
15
5
6
3
20
2
2
2
2
41
3
6
6
4
18
4
3
3
53
4
2
4
15
6
5
2
50
5
9
7
5
3
23
5
4
4
49
2
3
11
7
5
2
24
5
5
5
72
2
19
9
6
3
13
5
6
6
55
2
4
9
9
4
10
22
4
3
4
62
2
13
9
2
6
22
2
5
55
5
11
3
4
4
18
4
3
3
65
3
2
9
7
3
6
22
10
9
2
52
2
4
4
5
5
27
7
5
3
51
2
3
8
9
2
2
4
23
5
6
5
2
67
3
4
9
11
4
5
21
5
4
2
3
43
2
6
8
6
4
21
4
9
3
54
2
3
15
7
4
3
22
8
3
62
6
6
8
2
4
18
4
4
3
59
3
7
12
6
6
10
21
10
3
4
2
58
3
6
9
5
4
4
20
2
2
2
51
4
8
8
3
10
21
8
5
63
2
10
5
5
2
5
13
2
4
2
2
54
3
3
8
12
4
15
4
52
2
5
5
17
4
5
2
42
3
12
7
6
4
30
8
4
4
42
2
4
14
7
4
6
25
2
9
3
3
69
2
5
14
8
2
3
22
5
6
3
63
6
11
11
6
3
20
5
4
3
3
65
2
7
14
8
5
4
21
4
5
4
50
3
2
4
7
4
20
5
5
4
54
2
7
3
6
9
21
6
7
3
70
2
19
5
5
6
17
6
5
3
49
2
4
8
3
5
3
2
25
4
3
2
72
4
13
9
2
3
19
3
4
3
51
2
4
9
7
4
4
23
5
3
51
2
2
12
9
2
7
20
7
4
3
3
54
4
8
7
2
5
26
5
4
2
2
65
2
4
7
9
6
27
4
5
2
49
4
8
6
4
2
17
5
7
2
3
55
2
2
2
5
6
7
4
18
2
5
3
3
4
54
2
4
11
9
4
17
7
4
2
48
2
2
10
7
4
5
16
4
4
3
2
44
2
9
6
9
7
3
22
8
2
46
2
11
10
3
5
12
3
6
3
45
2
4
3
8
24
3
5
3
3
56
5
14
3
4
8
20
4
3
3
50
9
11
5
4
4
22
7
7
4
57
4
9
5
4
6
23
2
6
4
50
3
4
13
10
4
8
19
7
5
3
70
3
2
12
13
2
2
4
23
9
2
2
59
4
12
3
4
23
5
4
2
62
3
5
8
8
3
4
21
5
2
2
2
64
5
2
12
11
5
5
25
3
4
2
5
64
2
6
6
6
5
4
19
4
3
