2
2
3
2
2
2
3
3
3
2
3
2
2
2
2
2
2
3
3
2
2
5
2
3
3
2
2
4
2
2
2
4
2
4
4
2
3
3
5
6
2
5
3
4
4
5
2
6
9
2
2
2
9
3
3
5
2
2
5
7
2
3
3
3
4
5
4
2
3
14
2
4
3
2
4
2
7
2
15
3
6
3
2
6
10
2
2
6
2
4
7
4
5
10
2
3
2
7
2
2
4
18
3
3
13
3
2
6
3
14
2
3
9
8
9
8
9
2
3
17
5
3
3
9
15
3
6
5
17
9
2
2
14
4
5
5
15
3
6
14
2
5
3
4
14
3
7
8
4
7
2
5
6
2
13
4
2
4
2
2
13
2
6
2
4
6
8
3
5
5
2
4
5
6
10
4
5
11
2
2
2
14
4
3
5
6
11
3
3
4
13
3
2
2
2
3
17
4
7
4
13
3
10
2
2
14
6
8
2
11
2
12
2
8
12
18
3
2
7
3
10
21
9
11
2
12
5
5
9
5
22
3
2
5
14
16
6
9
9
2
3
15
7
2
2
12
4
3
7
3
16
6
2
10
2
2
5
5
3
19
3
2
5
3
19
3
6
2
8
2
18
3
3
16
2
2
15
26
5
2
8
7
3
19
4
8
7
21
5
11
3
11
29
6
7
2
2
3
14
5
13
2
6
2
22
4
3
18
6
2
23
11
12
2
9
26
4
2
11
2
13
19
5
13
2
3
10
3
21
6
3
11
3
13
2
23
8
3
11
3
10
6
2
36
9
15
2
16
26
5
11
11
24
3
2
10
6
2
28
4
9
3
3
9
3
3
22
7
2
11
2
7
2
3
34
4
13
7
17
3
8
13
2
22
7
6
2
11
26
4
11
2
5
18
5
2
15
2
3
3
14
3
13
10
38
6
5
14
2
7
2
33
4
3
13
2
3
11
2
26
13
4
9
3
10
2
14
2
5
10
2
8
5
5
29
4
10
2
12
2
2
19
4
11
9
30
3
5
15
13
2
31
7
4
18
3
4
15
2
32
6
5
9
3
2
10
3
17
4
12
10
3
3
24
5
3
14
4
2
13
2
28
5
2
11
2
13
22
3
10
2
8
5
38
8
2
15
5
4
2
21
6
8
7
29
7
18
8
2
32
5
3
10
2
8
2
2
23
3
2
12
14
27
8
2
11
12
24
3
2
6
3
7
2
26
11
2
15
4
2
15
3
2
32
8
11
4
10
3
2
43
5
18
3
2
18
2
28
6
4
14
2
16
4
15
6
3
13
9
2
30
8
3
10
3
8
2
28
2
2
20
12
40
6
3
18
6
2
2
23
6
5
14
10
7
4
29
5
6
5
14
