38
2
2
7
4
2
48
5
2
2
12
7
2
6
2
4
77
7
10
2
5
18
10
2
3
5
2
3
2
56
5
2
3
16
7
3
5
3
59
4
11
2
4
16
12
3
4
2
2
50
2
3
2
23
10
2
2
4
2
52
5
7
20
12
7
4
4
2
4
32
3
2
6
22
8
2
3
5
2
2
43
3
6
9
18
2
3
4
2
3
64
9
4
4
18
5
2
2
10
2
39
6
3
4
20
9
2
2
3
3
51
4
2
3
7
27
10
4
4
2
3
57
8
2
5
32
10
2
3
2
62
8
3
3
17
20
5
9
2
8
2
7
10
6
2
56
5
2
3
22
11
2
8
6
3
2
2
55
5
2
14
4
3
2
2
3
59
3
10
3
2
3
14
12
3
5
3
2
3
2
64
3
3
2
4
29
12
2
3
4
2
2
48
6
5
3
16
13
7
3
6
2
4
37
2
4
7
24
9
3
2
2
4
2
2
53
8
4
5
18
4
3
3
2
2
2
54
5
5
4
17
8
12
2
2
42
2
5
2
3
25
7
2
3
56
2
3
3
2
10
19
10
4
6
4
57
5
3
3
28
9
2
2
4
4
2
45
6
2
8
14
3
6
7
2
5
7
5
36
6
2
13
10
2
4
3
2
2
45
3
2
2
13
4
2
2
2
2
44
3
9
3
8
8
3
5
2
57
2
4
2
2
15
7
3
2
3
2
33
3
2
19
10
2
2
2
2
43
3
6
13
11
4
3
2
4
29
2
5
20
8
7
3
2
38
2
8
20
4
5
4
2
2
48
9
5
4
14
4
2
3
2
49
5
6
4
13
3
11
46
4
2
2
21
11
2
3
3
40
4
3
4
15
7
2
3
3
52
4
6
26
8
4
4
2
44
5
2
4
10
8
6
3
51
4
9
2
15
6
3
3
3
2
52
2
2
4
17
8
2
3
4
2
45
3
5
18
11
2
4
3
2
2
32
5
3
5
21
12
6
2
2
2
2
2
35
3
3
5
16
6
3
2
2
3
53
7
4
7
21
4
4
4
2
3
2
58
6
5
4
17
7
10
2
54
4
2
2
25
10
2
4
4
42
4
3
3
7
15
9
3
4
2
3
51
4
3
24
5
4
3
2
51
5
3
3
21
16
2
3
3
5
47
7
4
14
10
5
5
2
2
46
4
8
3
11
6
3
3
2
53
2
3
2
4
17
7
2
3
3
2
35
2
4
22
12
4
2
3
45
5
4
14
9
6
2
5
2
33
2
4
21
7
3
3
2
2
40
3
8
15
3
4
37
6
4
4
12
4
4
2
2
42
5
9
2
2
2
2
45
3
4
4
18
9
12
3
3
48
2
6
3
5
24
6
2
2
2
48
2
3
2
6
18
7
3
4
2
35
5
4
7
8
6
3
40
3
9
4
8
3
3
2
47
3
2
2
12
6
2
3
40
3
3
19
10
2
2
2
2
37
3
7
12
11
2
5
3
2
3
31
4
4
21
6
6
2
31
2
5
17
5
3
2
3
2
2
41
5
5
6
19
2
2
5
43
6
2
10
3
3
2
59
6
5
5
14
9
9
2
46
3
2
2
21
7
5
3
48
4
2
3
6
18
6
2
4
2
40
7
3
8
7
3
5
2
49
4
6
3
14
8
2
3
2
50
2
3
2
5
17
7
2
3
4
2
2
36
2
5
21
11
5
3
2
2
51
6
3
2
13
10
7
2
2
2
29
3
20
11
3
5
3
2
32
3
8
14
3
2
2
41
8
4
3
11
2
2
2
2
50
3
3
10
2
2
9
2
34
3
3
3
18
11
3
2
3
35
4
2
12
5
2
50
4
4
8
23
7
3
5
3
45
5
3
4
14
11
2
5
2
8
2
4
3
42
7
2
14
8
2
9
5
4
3
65
11
7
2
5
39
21
12
5
4
5
5
2
230
7
29
16
22
104
65
19
27
6
27
7
6
15
12
2
4
2
6
2
4
60
5
6
21
19
8
2
2
3
2
70
4
4
2
31
11
4
10
2
5
3
3
4
68
2
7
8
6
26
18
6
4
2
3
2
2
2
2
58
2
7
6
9
22
15
5
2
2
2
62
5
3
26
13
4
2
2
2
4
4
2
62
4
11
7
2
6
25
10
5
8
2
6
2
54
9
4
30
9
8
3
3
2
52
10
4
5
20
10
8
3
2
59
3
7
2
3
19
8
3
2
3
2
56
2
4
2
3
15
5
2
3
4
2
48
3
5
21
16
2
5
3
2
2
2
2
41
2
5
3
5
34
7
7
6
2
45
3
4
7
9
6
3
3
2
3
49
8
4
2
3
17
5
4
2
2
2
53
7
4
5
15
7
9
53
4
3
3
20
11
3
4
3
51
5
3
6
23
9
2
4
58
3
7
20
7
4
4
2
56
8
2
4
20
10
2
2
2
2
2
49
6
3
13
14
6
3
2
7
7
2
42
3
10
2
7
7
2
2
3
3
2
58
3
2
3
11
6
3
53
4
2
25
9
2
2
2
2
2
44
5
5
2
13
11
4
4
3
2
4
38
3
2
5
29
9
8
3
2
6
2
2
40
2
3
3
9
10
5
2
46
4
4
4
12
5
3
4
2
47
6
2
12
4
2
41
4
3
3
13
4
2
8
37
4
2
3
16
12
2
2
3
3
51
4
2
3
8
26
13
2
5
2
3
