3
7
2
4
5
5
6
4
4
5
2
7
10
3
4
12
17
16
13
5
19
8
26
8
26
2
9
2
30
4
19
16
4
6
36
5
15
20
5
10
17
3
9
17
2
5
22
2
6
23
2
4
18
3
2
22
20
12
7
9
6
19
7
29
16
28
9
21
11
14
5
6
15
3
3
17
4
9
18
2
8
14
7
17
7
20
12
13
6
16
5
23
10
16
8
15
9
17
3
5
14
5
13
6
10
7
13
7
5
2
5
16
3
5
12
9
10
5
13
10
17
9
18
3
3
29
11
19
11
21
14
17
5
26
8
2
14
3
11
19
6
26
6
15
4
22
9
21
10
26
11
22
4
7
16
4
13
25
2
13
26
3
7
17
10
18
6
19
2
18
6
22
10
18
14
21
8
19
12
16
7
13
24
5
14
3
7
31
6
10
20
11
11
9
25
3
15
26
4
11
30
4
5
19
2
7
19
6
13
2
6
12
2
7
13
2
12
14
6
2
17
9
41
4
10
22
3
14
24
3
4
25
4
15
2
25
6
12
2
15
4
4
18
15
27
5
12
14
5
7
19
4
8
2
19
7
3
13
7
5
17
7
13
15
8
15
4
17
6
36
5
16
2
20
8
10
2
46
15
14
3
30
6
3
14
22
6
16
30
7
3
11
2
13
7
6
2
16
4
4
11
14
6
7
2
17
3
10
33
6
2
11
2
39
12
24
21
9
14
23
6
7
15
4
3
24
8
8
23
5
7
15
2
5
29
2
9
17
2
6
14
5
16
2
8
19
8
15
2
13
22
3
6
13
3
8
11
3
22
10
8
3
11
21
2
5
2
17
6
22
18
20
4
8
32
12
28
10
7
2
10
20
5
17
2
9
11
2
6
2
17
2
8
8
10
22
5
14
9
18
7
11
31
2
9
20
9
12
10
13
4
8
22
2
7
14
6
21
7
19
2
4
15
3
5
15
7
15
2
6
34
2
9
2
38
3
26
42
6
34
2
38
8
31
3
60
14
3
30
2
2
55
5
3
28
59
9
21
37
6
29
29
7
2
28
22
3
22
2
34
6
27
3
25
4
2
23
30
2
26
2
41
7
28
4
28
5
2
30
33
8
42
25
7
28
20
8
36
22
6
33
2
27
7
29
2
43
18
3
83
57
15
76
3
2
48
11
2
53
2
54
11
2
79
2
72
16
69
52
15
67
3
5
50
9
4
2
79
3
47
11
3
56
3
39
18
65
45
22
2
68
45
26
78
3
4
43
31
64
2
60
21
45
52
17
3
73
3
37
8
37
2
27
13
3
3
59
26
9
36
15
7
3
26
53
10
2
33
49
6
4
34
2
2
48
5
32
34
2
26
2
54
7
30
2
41
7
29
48
9
41
4
25
6
2
34
4
45
4
31
2
29
9
23
2
19
6
2
26
28
7
3
29
2
48
4
3
23
2
54
14
18
49
11
30
2
47
3
3
17
2
36
4
18
2
39
7
19
2
36
4
13
2
30
8
16
3
43
4
3
11
30
8
3
9
15
6
2
9
40
6
12
29
17
21
22
61
23
39
21
15
4
2
2
